###                           Full Name    ISO     LAT    LONG  MESOR   AMPL  PHASE MNTH     Pval
  1                              Alaska     AK   61.37 -152.40  52.44   3.37   4.18  7.0 2.14e-02
  2                             Alabama     AL   32.81  -86.79  73.69   3.61   4.77  5.9 1.36e-02
  3                            Arkansas     AR   34.97  -92.37  26.93   1.68   4.77  5.9 1.03e-02
  4                             Arizona     AZ   33.73 -111.43  49.91   1.96   5.58  4.3 1.05e-03 (***)
  5                          California     CA   36.12 -119.68  74.21   5.07   4.64  6.1 5.47e-04 (***)
  6                            Colorado     CO   39.06 -105.31  50.41   3.21   5.00  5.4 5.69e-03 (***)
  7                         Connecticut     CT   41.60  -72.76  42.52   5.13   4.47  6.5 2.37e-05 (***)
  8                            Delaware     DE   39.32  -75.51  41.71   3.09   4.41  6.6 6.41e-03 (***)
  9                             Florida     FL   27.77  -81.69  80.44   2.44   5.67  4.2 2.15e-03 (***)
 10                             Georgia     GA   33.04  -83.64  78.24   3.56   5.11  5.3 1.08e-03 (***)
 11                              Hawaii     HI   21.09 -157.50  79.29   2.17   4.63  6.2 6.21e-02
 12                                Iowa     IA   42.01  -93.21  34.86   3.62   4.80  5.8 4.48e-04 (***)
 13                               Idaho     ID   44.24 -114.48  53.82   4.29   5.01  5.4 2.20e-03 (***)
 14                            Illinois     IL   40.35  -88.99  76.54   4.86   4.90  5.6 6.13e-04 (***)
 15                             Indiana     IN   39.85  -86.26  66.62   4.98   4.67  6.1 2.44e-04 (***)
 16                              Kansas     KS   38.53  -96.73  46.13   3.42   4.71  6.0 1.49e-02
 17                            Kentucky     KY   37.67  -84.67  64.45   4.05   4.90  5.6 2.92e-04 (***)
 18                           Louisiana     LA   30.98  -91.96  55.76   2.98   4.84  5.7 3.36e-03 (***)
 19                       Massachusetts     MA   42.23  -71.53  75.43   8.25   4.31  6.8 1.74e-04 (***)
 20                            Maryland     MD   39.06  -76.80  53.31   3.44   4.75  5.9 2.55e-03 (***)
 21                               Maine     ME   44.69  -69.38  52.75   5.15   4.49  6.4 3.74e-03 (***)
 22                            Michigan     MI   43.33  -84.54  71.36   5.99   4.70  6.0 3.08e-04 (***)
 23                           Minnesota     MN   45.69  -93.90  78.51   6.00   4.55  6.3 4.16e-05 (***)
 24                            Missouri     MO   38.46  -92.29  65.56   3.41   4.71  6.0 1.28e-03 (***)
 25                         Mississippi     MS   32.74  -89.68  71.36   3.28   4.81  5.8 2.62e-03 (***)
 26                             Montana     MT   46.92 -110.45  16.69   1.38   5.96  3.6 1.99e-02
 27                      North Carolina     NC   35.63  -79.81  53.29   3.32   4.72  6.0 1.81e-04 (***)
 28                        North Dakota     ND   47.53  -99.78  21.21   1.11   4.13  7.1 5.52e-02
 29                            Nebraska     NE   41.13  -98.27  45.35   3.35   4.95  5.5 5.98e-04 (***)
 30                       New Hampshire     NH   43.45  -71.56  34.84   2.79   4.71  6.0 1.54e-02
 31                          New Jersey     NJ   40.30  -74.52  69.14   5.74   4.40  6.6 1.63e-03 (***)
 32                          New Mexico     NM   34.84 -106.25  17.66   1.28   4.97  5.5 7.55e-03 (***)
 33                              Nevada     NV   38.31 -117.06  24.58   1.09   4.84  5.8 4.41e-03 (***)
 34                            New York     NY   42.17  -74.95  77.01   6.41   4.70  6.0 1.07e-04 (***)
 35                                Ohio     OH   40.39  -82.76  77.77   5.01   4.86  5.7 9.59e-05 (***)
 36                            Oklahoma     OK   35.57  -96.93  31.22   1.63   4.61  6.2 4.41e-06 (***)
 37                              Oregon     OR   44.57 -122.07  65.34   3.62   4.57  6.3 3.92e-03 (***)
 38                        Pennsylvania     PA   40.59  -77.21  79.41   5.91   4.87  5.7 1.83e-04 (***)
 39                        Rhode Island     RI   41.68  -71.51  52.32   6.38   4.77  5.9 5.06e-04 (***)
 40                      South Carolina     SC   33.86  -80.95  55.05   2.31   4.93  5.6 4.19e-03 (***)
 41                        South Dakota     SD   44.30  -99.44   7.53   0.24   5.44  4.6 1.95e-01
 42                           Tennessee     TN   35.75  -86.69  56.33   2.16   5.12  5.2 4.61e-03 (***)
 43                               Texas     TX   31.05  -97.56  71.39   2.72   4.68  6.1 6.24e-04 (***)
 44                                Utah     UT   40.15 -111.86  57.55   4.62   4.71  6.0 1.06e-03 (***)
 45                            Virginia     VA   37.77  -78.17  68.22   3.01   4.76  5.9 7.14e-03 (***)
 46                             Vermont     VT   44.05  -72.71  39.18   7.22   4.57  6.3 1.42e-04 (***)
 47                          Washington     WA   47.40 -121.49  80.44   5.14   4.98  5.5 4.69e-03 (***)
 48                           Wisconsin     WI   44.27  -89.62  44.20   3.35   4.60  6.2 9.44e-04 (***)
 49                       West Virginia     WV   38.49  -80.95  51.14   4.39   5.15  5.2 2.31e-04 (***)
 50                             Wyoming     WY   42.76 -107.30  60.28   5.53   5.09  5.3 6.25e-02
