           Full Name    ISO    LAT   LONG  MESOR   AMPL  PHASE MNTH     Pval
United Arab Emirates     AE  24.00  54.00  78.10  -2.11   1.71  5.7 1.39e-01
           Argentina     AR -34.00 -64.00  43.68   1.51   4.71  6.0 1.91e-01
             Austria     AT  47.33  13.33  45.68   9.96   2.04 11.1 1.08e-01
           Australia     AU -27.00 133.00  70.80   8.08   1.53 12.0 2.26e-07 (***)
          Bangladesh     BD  24.00  90.00  59.59  -1.29 -34.03  2.0 6.40e-01
             Belgium     BE  50.83   4.00  54.23   5.37  13.77  1.0 3.84e-04 (***)
              Brazil     BR -10.00 -55.00  60.08   2.50   1.70 11.7 1.91e-01
              Canada     CA  60.00 -95.00  80.37   3.90   4.62  6.2 5.88e-04 (***)
         Switzerland     CH  47.00   8.00  57.03  13.03   2.23 10.7 3.65e-03 (***)
              Cyprus     CY  35.00  33.00  13.95  -7.05   1.11  6.9 6.94e-02
             Czechia     CZ  49.75  15.50  42.98  -3.51   2.26  4.7 1.35e-01
             Denmark     DK  56.00  10.00  43.06 -11.50   5.27 10.9 5.44e-03 (***)
             Algeria     DZ  28.00   3.00  43.28   1.46 -59.21  8.1 1.08e-01
               Egypt     EG  27.00  30.00  55.99   3.65   1.62 11.9 3.31e-01
               Spain     ES  40.00  -4.00  55.12   8.88  -8.26  6.8 7.60e-03 (***)
             Finland     FI  64.00  26.00  35.42  -1.34   5.44 10.6 6.57e-01
              France     FR  46.00   2.00  60.38   6.45   1.63 11.9 1.37e-03 (***)
             England     GB  54.00  -2.00  71.60   5.89  11.44  5.2 5.48e-04 (***)
             Germany     GE  42.00  43.50  57.96   1.37   4.18  7.0 1.49e-01
               Ghana     GH   8.00  -2.00  63.46   2.86   4.78  5.9 2.20e-01
          Guadeloupe     GP  16.25 -61.58  21.21   5.24   3.23  8.8 2.72e-02
              Greece     GR  39.00  22.00  47.57  -6.44  95.17  7.2 1.72e-02 (***)
           Hong Kong     HK  22.27 114.19  75.26   1.96  -1.85  6.5 2.87e-01
             Hungary     HU  47.00  20.00  17.23   7.67   0.20  2.6 1.16e-01
           Indonesia     ID  -5.00 120.00  69.74   5.13   8.09 11.5 4.26e-02
             Ireland     IE  53.00  -8.00  73.94  -4.10  39.63  5.3 6.14e-03 (***)
              Israel     IL  31.47  35.13  59.42   5.10   4.73  6.0 1.17e-02 (***)
               India     IN  20.00  77.00  75.01   5.03   4.77  5.9 6.75e-05 (***)
                Iraq     IQ  33.00  44.00  32.09  -8.23   4.46 12.0 1.66e-02 (***)
                Iran     IR  32.00  53.00  18.82  -2.04   4.77 11.9 7.92e-02
               Italy     IT  42.83  12.83  51.87   3.28   3.53  8.3 4.77e-02
             Jamaica     JM  18.25 -77.50  41.46   3.63   1.63 11.9 5.75e-01
              Jordan     JO  31.00  36.00  49.85   7.47   5.19  5.1 1.46e-01
               Japan     JP  36.00 138.00  69.86   3.06   5.65  4.2 1.98e-01
               Kenya     KE   1.00  38.00  59.41  -4.16   3.19  2.9 3.47e-02
         South Korea     KR  37.00 127.50  69.11   7.18   4.69  6.0 3.13e-04 (***)
              Kuwait     KW  29.50  45.75  55.66   4.85   6.32  2.9 6.92e-02
             Lebanon     LB  33.83  35.83  54.20   4.74   0.70  1.7 5.21e-02
           Sri Lanka     LK   7.00  81.00  35.29   0.90   3.15  9.0 6.63e-01
          Luxembourg     LU  49.75   6.17  49.75   9.19   1.43 12.0 1.04e-02 (***)
             Morocco     MA  32.00  -5.00  46.80   2.11   2.60 10.0 1.92e-02 (***)
          Martinique     MQ  14.67 -61.00  33.89  -8.26   4.92 11.6 1.23e-02 (***)
              Mexico     MX  23.00 -102.00  55.51  -4.84   3.31  2.7 2.05e-04 (***)
             Nigeria     NG  10.00   8.00  47.31  -3.74   7.73  6.2 4.08e-03 (***)
         Netherlands     NL  52.50   5.75  52.98  -2.75   0.56  7.9 3.38e-02
              Norway     NO  62.00  10.00  60.04   4.72   2.40 10.4 3.30e-02
         New Zealand     NZ -41.00 174.00  70.57   7.13   1.54 12.0 1.04e-04 (***)
         Philippines     PH  13.00 122.00  59.97  -3.07   2.00  5.2 2.21e-03 (***)
            Pakistan     PK  30.00  70.00  56.64   5.69   4.13  7.1 1.72e-02 (***)
              Poland     PL  52.00  20.00  52.34   2.54   6.25  3.1 1.72e-01
            Portugal     PT  39.50  -8.00  38.33  -7.08   0.79  7.5 2.81e-02
               Qatar     QA  25.50  51.25  60.77   4.67   2.59 10.1 5.68e-02
             Romania     RO  46.00  25.00  46.83   2.12  30.68  4.4 2.68e-01
              Russia     RU  60.00 100.00  48.96   6.72   6.84  1.9 4.46e-02
              Sweden     SE  62.00  15.00  53.99   1.10   4.46  6.5 4.82e-01
           Singapore     SG   1.37 103.80  78.15   2.77   4.46  6.5 4.41e-03 (***)
             Senegal     SN  14.00 -14.00  20.49   1.37   5.67  4.2 3.62e-01
            Thailand     TH  15.00 100.00  58.52  -2.38  -0.16  9.3 1.81e-01
             Tunisia     TN  34.00   9.00  46.47   2.27   2.12 11.0 9.60e-02
   Trinidad & Tobago     TT  10.69 -61.22  53.36   3.80   6.00  3.5 1.03e-01
       United States     US  38.00 -97.00  81.30  -5.22   7.92  5.9 1.89e-04 (***)
             Vietnam     VN  16.17 107.83  51.96  -5.27   0.98  7.1 1.14e-03 (***)
        South Africa     ZA -29.00  24.00  72.54   8.05  -4.97 12.0 1.22e-05 (***)
              Zambia     ZM -15.00  30.00  32.17   2.79  12.21  3.7 3.57e-01
            Zimbabwe     ZW -20.00  30.00  30.62  -8.49  -1.81 12.0 8.01e-02
