###                           Full Name    ISO     LAT    LONG  MESOR   AMPL  PHASE MNTH     Pval
  1                United Arab Emirates     AE   24.00   54.00  78.10   2.11   4.85  5.7 1.39e-01
  2                           Argentina     AR  -34.00  -64.00  43.68   1.51   4.71  6.0 1.91e-01
  3                             Austria     AT   47.33   13.33  45.68   9.96   2.04 11.1 1.08e-01
  4                           Australia     AU  -27.00  133.00  70.80   8.08   1.53 12.0 2.26e-07 (***)
  5                          Bangladesh     BD   24.00   90.00  59.59   1.29   0.53  2.0 6.40e-01
  6                             Belgium     BE   50.83    4.00  54.23   5.37   1.20  1.0 3.84e-04 (***)
  7                              Brazil     BR  -10.00  -55.00  60.08   2.50   1.70 11.7 1.91e-01
  8                              Canada     CA   60.00  -95.00  80.37   3.90   4.62  6.2 5.88e-04 (***)
  9                         Switzerland     CH   47.00    8.00  57.03  13.03   2.23 10.7 3.65e-03 (***)
 10                            Cameroon     CM    6.00   12.00  33.93   6.29   5.05  5.4 3.59e-03 (***)
 11                               China     CN   35.00  105.00  15.90   5.51   4.57  6.3 1.35e-01
 12                              Cyprus     CY   35.00   33.00  13.95   7.05   4.25  6.9 6.94e-02
 13                             Czechia     CZ   49.75   15.50  42.98   3.51   5.40  4.7 1.35e-01
 14                             Denmark     DK   56.00   10.00  43.06  11.50   2.13 10.9 5.44e-03 (***)
 15                             Algeria     DZ   28.00    3.00  43.28   1.46   3.62  8.1 1.08e-01
 16                               Egypt     EG   27.00   30.00  55.99   3.65   1.62 11.9 3.31e-01
 17                               Spain     ES   40.00   -4.00  55.12   8.88   4.30  6.8 7.60e-03 (***)
 18                            Ethiopia     ET    8.00   38.00  27.61   5.93   1.07  1.0 6.85e-02
 19                             Finland     FI   64.00   26.00  35.42   1.34   2.30 10.6 6.57e-01
 20                              France     FR   46.00    2.00  60.38   6.45   1.63 11.9 1.37e-03 (***)
 21                             England     GB   54.00   -2.00  71.60   5.89   5.16  5.2 5.48e-04 (***)
 22                             Germany     GE   42.00   43.50  57.96   1.37   4.18  7.0 1.49e-01
 23                               Ghana     GH    8.00   -2.00  63.46   2.86   4.78  5.9 2.20e-01
 24                          Guadeloupe     GP   16.25  -61.58  21.21   5.24   3.23  8.8 2.72e-02 (***)
 25                              Greece     GR   39.00   22.00  47.57   6.44   4.07  7.2 1.72e-02 (***)
 26                           Hong Kong     HK   22.27  114.19  75.26   1.96   4.43  6.5 2.87e-01
 27                             Hungary     HU   47.00   20.00  17.23   7.67   0.20  2.6 1.16e-01
 28                           Indonesia     ID   -5.00  120.00  69.74   5.13   1.81 11.5 4.26e-02 (***)
 29                             Ireland     IE   53.00   -8.00  73.94   4.10   5.07  5.3 6.14e-03 (***)
 30                              Israel     IL   31.47   35.13  59.42   5.10   4.73  6.0 1.17e-02 (***)
 31                               India     IN   20.00   77.00  75.01   5.03   4.77  5.9 6.75e-05 (***)
 32                                Iraq     IQ   33.00   44.00  32.09   8.23   1.32 12.0 1.66e-02 (***)
 33                                Iran     IR   32.00   53.00  18.82   2.04   1.63 11.9 7.92e-02
 34                               Italy     IT   42.83   12.83  51.87   3.28   3.53  8.3 4.77e-02 (***)
 35                             Jamaica     JM   18.25  -77.50  41.46   3.63   1.63 11.9 5.75e-01
 36                              Jordan     JO   31.00   36.00  49.85   7.47   5.19  5.1 1.46e-01
 37                               Japan     JP   36.00  138.00  69.86   3.06   5.65  4.2 1.98e-01
 38                               Kenya     KE    1.00   38.00  59.41   4.16   0.05  2.9 3.47e-02 (***)
 39                         South Korea     KR   37.00  127.50  69.11   7.18   4.69  6.0 3.13e-04 (***)
 40                              Kuwait     KW   29.50   45.75  55.66   4.85   0.03  2.9 6.92e-02
 41                             Lebanon     LB   33.83   35.83  54.20   4.74   0.70  1.7 5.21e-02
 42                           Sri Lanka     LK    7.00   81.00  35.29   0.90   3.15  9.0 6.63e-01
 43                          Luxembourg     LU   49.75    6.17  49.75   9.19   1.43 12.0 1.04e-02 (***)
 44                             Morocco     MA   32.00   -5.00  46.80   2.11   2.60 10.0 1.92e-02 (***)
 45                          Martinique     MQ   14.67  -61.00  33.89   8.26   1.78 11.6 1.23e-02 (***)
 46                              Mexico     MX   23.00 -102.00  55.51   4.84   0.17  2.7 2.05e-04 (***)
 47                            Malaysia     MY    2.50  112.50  82.58   1.94   0.91  1.3 5.78e-02
 48                             Nigeria     NG   10.00    8.00  47.31   3.74   4.59  6.2 4.08e-03 (***)
 49                         Netherlands     NL   52.50    5.75  52.98   2.75   3.70  7.9 3.38e-02 (***)
 50                              Norway     NO   62.00   10.00  60.04   4.72   2.40 10.4 3.30e-02 (***)
 51                         New Zealand     NZ  -41.00  174.00  70.57   7.13   1.54 12.0 1.04e-04 (***)
 52                         Philippines     PH   13.00  122.00  59.97   3.07   5.14  5.2 2.21e-03 (***)
 53                            Pakistan     PK   30.00   70.00  56.64   5.69   4.13  7.1 1.72e-02 (***)
 54                              Poland     PL   52.00   20.00  52.34   2.54   6.25  3.1 1.72e-01
 55                            Portugal     PT   39.50   -8.00  38.33   7.08   3.94  7.5 2.81e-02 (***)
 56                               Qatar     QA   25.50   51.25  60.77   4.67   2.59 10.1 5.68e-02
 57                             Romania     RO   46.00   25.00  46.83   2.12   5.55  4.4 2.68e-01
 58                              Russia     RU   60.00  100.00  48.96   6.72   0.56  1.9 4.46e-02 (***)
 59                              Sweden     SE   62.00   15.00  53.99   1.10   4.46  6.5 4.82e-01
 60                           Singapore     SG    1.37  103.80  78.15   2.77   4.46  6.5 4.41e-03 (***)
 61                             Senegal     SN   14.00  -14.00  20.49   1.37   5.67  4.2 3.62e-01
 62                            Thailand     TH   15.00  100.00  58.52   2.38   2.98  9.3 1.81e-01
 63                             Tunisia     TN   34.00    9.00  46.47   2.27   2.12 11.0 9.60e-02
 64                   Trinidad & Tobago     TT   10.69  -61.22  53.36   3.80   6.00  3.5 1.03e-01
 65                             Ukraine     UA   49.00   32.00  30.36   6.37   0.37  2.3 1.74e-01
 66                       United States     US   38.00  -97.00  81.30   5.22   4.77  5.9 1.89e-04 (***)
 67                             Vietnam     VN   16.17  107.83  51.96   5.27   4.13  7.1 1.14e-03 (***)
 68                        South Africa     ZA  -29.00   24.00  72.54   8.05   1.31 12.0 1.22e-05 (***)
 69                              Zambia     ZM  -15.00   30.00  32.17   2.79   5.93  3.7 3.57e-01
 70                            Zimbabwe     ZW  -20.00   30.00  30.62   8.49   1.33 12.0 8.01e-02
